%!PS-Adobe-3.0 EPSF-3.0
%%BoundingBox: -178 -24 178 224 
%%HiResBoundingBox: -177.43982 -23.39926 177.43982 223.05972 
%%Creator: MetaPost 1.504
%%CreationDate: 2012.07.08:2238
%%Pages: 1
%%BeginProlog
%%EndProlog
%%Page: 1 1
 1 1 1 setrgbcolor
newpath -158.73987 39.68497 moveto
158.73987 39.68497 lineto
79.36993 199.66017 lineto
-79.36993 199.66017 lineto
 closepath fill
newpath -21.51196 -8.55144 moveto
-13.77463 -28.01521 13.77463 -28.0152 21.51196 -8.55144 curveto
21.51842 -8.53519 100.87544 191.09248 100.8819 191.10873 curveto
106.92403 206.3081 95.7262 222.80972 79.36993 222.80972 curveto
79.35701 222.80972 -79.35701 222.80972 -79.36993 222.80972 curveto
-95.7262 222.80972 -106.92403 206.3081 -100.8819 191.10873 curveto
-100.87544 191.09248 -21.51842 -8.53519 -21.51196 -8.55144 curveto closepath fill
 0 0 1 setrgbcolor 0 0.5 dtransform truncate idtransform setlinewidth pop
 [] 0 setdash 1 setlinejoin 10 setmiterlimit
newpath 0 62.66797 moveto
45.25551 176.51064 lineto
-45.25551 176.51064 lineto
 closepath stroke
newpath -21.51196 -8.55144 moveto
-13.77463 -28.01521 13.77463 -28.0152 21.51196 -8.55144 curveto
21.51842 -8.53519 100.87544 191.09248 100.8819 191.10873 curveto
106.92403 206.3081 95.7262 222.80972 79.36993 222.80972 curveto
79.35701 222.80972 -79.35701 222.80972 -79.36993 222.80972 curveto
-95.7262 222.80972 -106.92403 206.3081 -100.8819 191.10873 curveto
-100.87544 191.09248 -21.51842 -8.53519 -21.51196 -8.55144 curveto closepath stroke
 1 1 1 setrgbcolor
newpath -158.73987 26.45665 moveto
-176.37762 26.45667 -176.37762 52.91327 -158.73987 52.91328 curveto
-158.71404 52.91328 158.71404 52.91328 158.73987 52.91328 curveto
176.37762 52.91327 176.37762 26.45667 158.73987 26.45665 curveto
158.71404 26.45665 -158.71404 26.45665 -158.73987 26.45665 curveto closepath fill
 0 0 1 setrgbcolor
newpath -158.73987 26.45665 moveto
-176.37762 26.45667 -176.37762 52.91327 -158.73987 52.91328 curveto
-158.71404 52.91328 158.71404 52.91328 158.73987 52.91328 curveto
176.37762 52.91327 176.37762 26.45667 158.73987 26.45665 curveto
158.71404 26.45665 -158.71404 26.45665 -158.73987 26.45665 curveto closepath stroke
 1 1 1 setrgbcolor
newpath -142.44598 31.60103 moveto
-153.22456 9.87585 -185.81233 26.04373 -175.03375 47.7689 curveto
-175.0273 47.78192 -95.67058 207.73228 -95.66412 207.7453 curveto
-84.88554 229.47047 -52.29778 213.3026 -63.07635 191.57742 curveto
-63.08281 191.5644 -142.43953 31.61404 -142.44598 31.60103 curveto closepath fill
 0 0 1 setrgbcolor
newpath -142.44598 31.60103 moveto
-153.22456 9.87585 -185.81233 26.04373 -175.03375 47.7689 curveto
-175.0273 47.78192 -95.67058 207.73228 -95.66412 207.7453 curveto
-84.88554 229.47047 -52.29778 213.3026 -63.07635 191.57742 curveto
-63.08281 191.5644 -142.43953 31.61404 -142.44598 31.60103 curveto closepath stroke
 1 1 1 setrgbcolor
newpath 175.03375 47.7689 moveto
185.81233 26.04373 153.22456 9.87585 142.44598 31.60103 curveto
142.43953 31.61404 63.08281 191.5644 63.07635 191.57742 curveto
52.29778 213.3026 84.88554 229.47047 95.66412 207.7453 curveto
95.67058 207.73228 175.0273 47.78192 175.03375 47.7689 curveto closepath fill
 0 0 1 setrgbcolor
newpath 175.03375 47.7689 moveto
185.81233 26.04373 153.22456 9.87585 142.44598 31.60103 curveto
142.43953 31.61404 63.08281 191.5644 63.07635 191.57742 curveto
52.29778 213.3026 84.88554 229.47047 95.66412 207.7453 curveto
95.67058 207.73228 175.0273 47.78192 175.03375 47.7689 curveto closepath stroke
newpath 8.2677 0 moveto
8.2677 2.19283 7.39647 4.29558 5.84602 5.84602 curveto
4.29558 7.39647 2.19283 8.2677 0 8.2677 curveto
-2.19283 8.2677 -4.29558 7.39647 -5.84602 5.84602 curveto
-7.39647 4.29558 -8.2677 2.19283 -8.2677 0 curveto
-8.2677 -2.19283 -7.39647 -4.29558 -5.84602 -5.84602 curveto
-4.29558 -7.39647 -2.19283 -8.2677 0 -8.2677 curveto
2.19283 -8.2677 4.29558 -7.39647 5.84602 -5.84602 curveto
7.39647 -4.29558 8.2677 -2.19283 8.2677 0 curveto closepath stroke
newpath -150.47217 39.68497 moveto
-150.47217 41.87779 -151.3434 43.98055 -152.89384 45.53099 curveto
-154.44429 47.08144 -156.54704 47.95267 -158.73987 47.95267 curveto
-160.9327 47.95267 -163.03545 47.08144 -164.58589 45.53099 curveto
-166.13634 43.98055 -167.00757 41.87779 -167.00757 39.68497 curveto
-167.00757 37.49214 -166.13634 35.38939 -164.58589 33.83894 curveto
-163.03545 32.2885 -160.9327 31.41727 -158.73987 31.41727 curveto
-156.54704 31.41727 -154.44429 32.2885 -152.89384 33.83894 curveto
-151.3434 35.38939 -150.47217 37.49214 -150.47217 39.68497 curveto closepath stroke
newpath 167.00757 39.68497 moveto
167.00757 41.87779 166.13634 43.98055 164.58589 45.53099 curveto
163.03545 47.08144 160.9327 47.95267 158.73987 47.95267 curveto
156.54704 47.95267 154.44429 47.08144 152.89384 45.53099 curveto
151.3434 43.98055 150.47217 41.87779 150.47217 39.68497 curveto
150.47217 37.49214 151.3434 35.38939 152.89384 33.83894 curveto
154.44429 32.2885 156.54704 31.41727 158.73987 31.41727 curveto
160.9327 31.41727 163.03545 32.2885 164.58589 33.83894 curveto
166.13634 35.38939 167.00757 37.49214 167.00757 39.68497 curveto closepath stroke
newpath 87.63763 199.66017 moveto
87.63763 201.853 86.7664 203.95575 85.21596 205.5062 curveto
83.66551 207.05664 81.56276 207.92787 79.36993 207.92787 curveto
77.17711 207.92787 75.07436 207.05664 73.52391 205.5062 curveto
71.97346 203.95575 71.10223 201.853 71.10223 199.66017 curveto
71.10223 197.46735 71.97346 195.3646 73.52391 193.81415 curveto
75.07436 192.2637 77.17711 191.39247 79.36993 191.39247 curveto
81.56276 191.39247 83.66551 192.2637 85.21596 193.81415 curveto
86.7664 195.3646 87.63763 197.46735 87.63763 199.66017 curveto closepath stroke
newpath -71.10223 199.66017 moveto
-71.10223 201.853 -71.97346 203.95575 -73.52391 205.5062 curveto
-75.07436 207.05664 -77.17711 207.92787 -79.36993 207.92787 curveto
-81.56276 207.92787 -83.66551 207.05664 -85.21596 205.5062 curveto
-86.7664 203.95575 -87.63763 201.853 -87.63763 199.66017 curveto
-87.63763 197.46735 -86.7664 195.3646 -85.21596 193.81415 curveto
-83.66551 192.2637 -81.56276 191.39247 -79.36993 191.39247 curveto
-77.17711 191.39247 -75.07436 192.2637 -73.52391 193.81415 curveto
-71.97346 195.3646 -71.10223 197.46735 -71.10223 199.66017 curveto closepath stroke
showpage
%%EOF
